(concept_class_id='MS-DRG' and invalid_reason is null)
OR 
(concept_class_id='DRG' and valid_end_date=to_date('2007-09-30','YYYY-MM-DD') and 
                                   invalid_reason = 'D')
OR 
concept_id in (44814670, 44814671,44814672, 8870, 44814674, 44814675,8546,38004279, 44814678,
  44814679, 44814680, 8863, 44814650,44814653,44814649,4161979,4216643,38004205,
  38004301,4021968,44814693,38004195,8536,8676,8920,44814701,8717,4005823,45765920,
  45765917,4030580,2000000040,4298794,4224317,4282779,4132133,4218197,4219234,42709996,
  2000000039,4310250,4144272,4141786,4044778,4209006,4209585,44814650,0
, 4192676, 4212794, 4250010, 4216797, 4217586, 4236293, 4250009)